a = [1 3 5; 2 4 6; 7 8 10]
b = a(1:2, 3)